5860865    0
1098989953    1
1098989985    2
1098998177    3
1101087137    4
1635869057    5
1637966241    6
1635860865    7
1637966241    8
1101087137    9
1101087137    10
1637966241    11
1101095329    12
1101087137    13
1637958017    14
1637958049    15
1098998145    16
1098989953    17
1098989953    18
1098989985    19
1635860865    20
25231777    21
1635844513    22
25256353    23
562102657    24
25231777    25
564224385    26
1101070753    27
1098998177    28
1101095297    29
562127265    30
1635869089    31
25256321    32
1637949857    33
1637958017    34
1098981761    35
562127233    36
1637958049    37
562127233    38
1635860865    39
1098981761    40
1637941633    41
1635844481    42
562127233    43
1635860897    44
27353473    45
25231745    46
27337089    47
564224417    48
564208001    49
1635860865    50
1101087105    51
1101087137    52
25239937    53
27353473    54
1098981761    55
1101095329    56
562110881    57
27337089    58
562119041    59
1635860865    60
1101087105    61
1101095329    62
1101095329    63
1637966241    64
1635869057    65
1637949857    66
562110881    67
27328897    68
25239937    69
25248129    70
1098989953    71
564208001    72
25231745    73
1098989953    74
1635860865    75
1098998177    76
1101078945    77
25256353    78
1637966241    79
1101087105    80
1635860897    81
27345313    82
1101078945    83
564224417    84
1637949825    85
562119041    86
562110881    87
25248161    88
1101070721    89
25231745    90
564199809    91
27328929    92
25231745    93
564208001    94
25239937    95
27328929    96
562102657    97
25231745    98
562102657    99
25239937    100
25239937    101
562102657    102
25239937    103
27345313    104
1098981761    105
1101095297    106
1637966209    107
1098989953    108
1098989953    109
1098989985    110
1098973601    111
27337089    112
1101087105    113
1098989985    114
1637966241    115
1637958049    116
1637966241    117
1098998145    118
1101087137    119
1098989953    120
1635869057    121
1635860865    122
1637958017    123
1635860865    124
1098989953    125
1637958017    126
1098998177    127
1101095297    128
1635860865    129
1101095329    130
1635860865    131
1101095297    132
1101095297    133
1637958049    134
1637958017    135
1637966209    136
1635869057    137
1098998177    138
1635860865    139
1098998177    140
1635869057    141
1637958049    142
1637958049    143
1637958049    144
1635860865    145
1101095329    146
1637966209    147
1637958017    148
1101087137    149
1101087105    150
1637966241    151
1098989953    152
1101087105    153
1637958017    154
1098998177    155
1637966241    156
1098989985    157
1635869089    158
1098989953    159
1101095297    160
1101087105    161
1637958017    162
1637966209    163
1637958049    164
1098998145    165
1635860897    166
1101087137    167
1101095329    168
1637958017    169
1098998145    170
1101087137    171
1098998145    172
1635860897    173
1635860897    174
1635869057    175
1635869089    176
1098989953    177
1098989953    178
1098998177    179
1098998145    180
1098998177    181
1101095329    182
1635869057    183
1098998145    184
1637958049    185
1098989953    186
1098989953    187
1637958017    188
1635860865    189
1101095329    190
1098989953    191
1637966209    192
1635860865    193
1098989953    194
1635860865    195
1098989953    196
1101095329    197
1101095329    198
1098998145    199
1635860865    200
1637966241    201
1098989985    202
1101095329    203
1101095329    204
1098998145    205
1635860865    206
1637958017    207
1635860865    208
1635860865    209
1635860897    210
1098998145    211
1635869057    212
1101087137    213
1635860897    214
1101095329    215
1098989953    216
1098998145    217
1635869057    218
1637958049    219
1098989953    220
1105289697    221
1098989953    222
1098990049    223
1635860961    224
1642160609    225
1642152417    226
1642160577    227
1642152417    228
1642152417    229
1642152417    230
1105281505    231
1098998241    232
1642152417    233
1098998145    234
1642152417    235
1105289697    236
1635860865    237
568402401    238
568394209    239
25239937    240
566305217    241
568410593    242
1642136033    243
31539681    244
1105265121    245
31531489    246
568394209    247
1105281409    248
1098981761    249
27337089    250
568402401    251
1101087137    252
1098998177    253
1635869089    254
1098998177    255
27337121    256
562110881    257
564208033    258
27328929    259
25256353    260
1635869089    261
1101087137    262
1635860865    263
1101087137    264
1637966241    265
1098998177    266
1098973569    267
562102657    268
25231745    269
564208001    270
564199841    271
1098998177    272
1635860865    273
1101095297    274
1637966241    275
1101095297    276
1637958017    277
1098989985    278
1101087137    279
1098998145    280
1098973569    281
27328929    282
1098981761    283
564216193    284
1098989953    285
1101095297    286
1098973601    287
25239969    288
562102689    289
27337089    290
562102689    291
27337089    292
562102657    293
27328897    294
27337121    295
562110849    296
562110849    297
25239937    298
25231777    299
25239937    300
564208001    301
562102657    302
25239969    303
27337089    304
564208033    305
562102657    306
562110849    307
564199809    308
562102657    309
25239937    310
562110881    311
562102657    312
562102657    313
25231745    314
1101087137    315
1637958017    316
1101087105    317
1637958017    318
1637966209    319
1098989985    320
1098989953    321
1098998145    322
1101087105    323
1101095329    324
1101095329    325
1635860897    326
1637966241    327
1637958049    328
1101095329    329
1101095297    330
1101095329    331
1098989985    332
1101095297    333
1635860897    334
1098989953    335
1635860865    336
1637966241    337
1637958049    338
1635869057    339
1098998145    340
1098998177    341
1101095329    342
1098998145    343
1637966209    344
1637958049    345
1098998145    346
1635869057    347
1635860865    348
1101078913    349
564216225    350
564199841    351
27337121    352
564199841    353
562127265    354
1637949825    355
564216225    356
1098981793    357
1101095297    358
1101095329    359
1101095297    360
1637958049    361
1101087105    362
1098989953    363
1101087137    364
1637966241    365
1637958017    366
1098998145    367
1637958049    368
1098998145    369
1635860897    370
1635860865    371
564216193    372
564208001    373
562110849    374
1101070721    375
562119073    376
562102689    377
25231777    378
27337089    379
564199841    380
27337089    381
564208001    382
1098998177    383
1637958049    384
1101087137    385
1637966209    386
1637958049    387
1098998177    388
1098989953    389
1637958049    390
1635869089    391
1101095329    392
1637958017    393
1101095329    394
1101087105    395
1635869057    396
1101095329    397
1098989985    398
1637966209    399
1098998177    400
1101095329    401
1098989953    402
1098998145    403
1098998145    404
1098998145    405
1635869089    406
1635869089    407
1101095297    408
1098989953    409
1098989953    410
1101095329    411
1635860897    412
1098989985    413
1101095329    414
562110849    415
564199841    416
1098989953    417
564216193    418
1635860865    419
562110849    420
25256353    421
25256321    422
25231745    423
1098998177    424
27328929    425
27337121    426
27337121    427
562110881    428
564216225    429
1101095297    430
27328929    431
1637958017    432
27353505    433
1637941665    434
1637966241    435
1635852705    436
1101095329    437
562102689    438
564199841    439
1098989953    440
1635860897    441
562102657    442
562110849    443
564199809    444
1098998145    445
1635860865    446
1637966241    447
1637958017    448
1098989985    449
1637958017    450
564208033    451
564208001    452
564208001    453
564199841    454
562102689    455
562102689    456
562110849    457
564199841    458
25231745    459
27328929    460
25239937    461
25239969    462
27328929    463
562110881    464
564199841    465
25239937    466
27328929    467
562102689    468
564208033    469
564199809    470
564208033    471
562102689    472
27337089    473
562102657    474
27337089    475
25248161    476
1098973569    477
564208001    478
25239969    479
564208033    480
562102657    481
25231777    482
27328929    483
564199841    484
564199809    485
562102657    486
568402305    487
25239937    488
562110849    489
562110849    490
562102657    491
1635852673    492
562127233    493
1637949857    494
564224417    495
1101095329    496
1098998145    497
1635869057    498
1101087137    499
1101087105    500
1101095297    501
1637958049    502
1098998145    503
1637958049    504
1635869153    505
1635869057    506
1635869057    507
1637958017    508
1105281409    509
1635869057    510
1635869057    511
1635869057    512
1098990049    513
564216225    514
1635860865    515
1637958017    516
1635869057    517
1635860865    518
568394209    519
25231745    520
1635860865    521
1635860961    522
1635860897    523
1101087105    524
1105273217    525
25239937    526
25231745    527
1098998145    528
1642160513    529
1635860865    530
25239937    531
562119041    532
1098990049    533
1098998177    534
1637966241    535
1635869057    536
1635860865    537
1105281409    538
1098973665    539
562102657    540
31523297    541
25239937    542
1642152417    543
1098989953    544
1105281409    545
1637966241    546
1637966241    547
1637949857    548
27328897    549
1635844513    550
27353505    551
1637941665    552
562110881    553
1637958049    554
1635869089    555
1098989953    556
25231745    557
1098973569    558
1635860865    559
1101070753    560
31547777    561
1098973569    562
25248129    563
1635852705    564
562127265    565
1635844513    566
25256321    567
1101095329    568
1098998145    569
1635869089    570
25256417    571
1635860865    572
1098998145    573
1098990049    574
1105289601    575
1635869057    576
1635869057    577
1635869153    578
1101087137    579
1101087105    580
1098989953    581
1098998145    582
1101087105    583
1098998177    584
1101070753    585
25239969    586
1098981761    587
562127233    588
1098973569    589
25239969    590
562102657    591
562119041    592
1635860865    593
1098998177    594
1098981761    595
25248129    596
1635860865    597
1098989953    598
1635844481    599
25239969    600
1637966209    601
1637958017    602
1098998145    603
562127233    604
1098998145    605
1098989953    606
1098998145    607
1635860865    608
1635852673    609
562127233    610
1098998177    611
1098989953    612
1098989985    613
1637958049    614
1635869057    615
1635869057    616
1098998177    617
1101087105    618
1635860865    619
1101095329    620
1101087137    621
1637966209    622
1635860897    623
1101095329    624
1635869089    625
1635869057    626
1101087137    627
1637966241    628
1637958049    629
1101095329    630
1637966241    631
1635860897    632
1101087105    633
1637966241    634
1101087137    635
1635860897    636
1637958049    637
1098998177    638
1637958049    639
1637958017    640
1637958049    641
1101095329    642
1635860897    643
1101087137    644
1637949857    645
562119041    646
1101078945    647
1098989953    648
1635852673    649
562127233    650
1098998177    651
1637966241    652
1101095297    653
1635869089    654
1637958049    655
1635860897    656
1635860897    657
1637958049    658
1637966241    659
1098989953    660
1637966209    661
1635860865    662
1637958049    663
1635860865    664
1635860865    665
1101095297    666
1101095297    667
1098998145    668
1101095297    669
1635860897    670
1101095329    671
1101087137    672
1098989985    673
1101095329    674
1101095297    675
1098989953    676
1098989953    677
1637958017    678
1105281505    679
1635860865    680
1635860865    681
1635869057    682
1642160513    683
1098989953    684
1098998145    685
1635860865    686
1642152321    687
1098998177    688
1098998241    689
1635860865    690
1098989953    691
1098990049    692
1642160609    693
1642152417    694
1642160513    695
1098998145    696
1098998145    697
1635860897    698
1101087137    699
1098989985    700
1098989985    701
1101087137    702
1098989985    703
1098989985    704
1101095297    705
1635869089    706
1101095329    707
1101095297    708
1637958017    709
1635869057    710
1637966241    711
1098989953    712
1101095329    713
1635869057    714
1101095297    715
1098989953    716
1637958017    717
1101095329    718
1098989985    719
1098998145    720
1635860865    721
1637966241    722
1635869057    723
1098989953    724
1635869057    725
1101087105    726
1635860865    727
1637966241    728
1635869057    729
1637966241    730
1098998145    731
1101087105    732
1635860865    733
1101087105    734
1635860865    735
1635869089    736
1637958049    737
1635869057    738
1098989953    739
564224417    740
1637958017    741
1637958017    742
1637966241    743
1098990049    744
1098998177    745
1101087137    746
1637966209    747
1098998177    748
1098989985    749
1635869057    750
1101087105    751
1101095329    752
1098998145    753
1101095329    754
1635869057    755
1635869057    756
1098998145    757
1637966241    758
1637966241    759
1098989985    760
564199809    761
25239969    762
562102657    763
25248129    764
1101078945    765
1098989985    766
1101095297    767
1098989953    768
1101095329    769
1637958049    770
1101087137    771
1098989985    772
1101095297    773
1635860865    774
1098989953    775
1635869089    776
1637958049    777
1098989953    778
1101087137    779
1101095297    780
1098998145    781
1635860897    782
1637958017    783
1101087105    784
1098989953    785
1098998177    786
1635860865    787
1098989953    788
1637966241    789
1098998145    790
1098989953    791
1098998145    792
1101095297    793
1098998177    794
1635869089    795
1637958049    796
1098998145    797
1637958049    798
1098998177    799
1637966241    800
1637958049    801
1637958049    802
1101087137    803
1637966241    804
1098989985    805
1101095329    806
1101095297    807
1098989953    808
1101087105    809
1635860865    810
1637958049    811
1637958017    812
1635860865    813
1098998145    814
1098998145    815
1098998177    816
1637958017    817
1098989985    818
1101087105    819
1101087137    820
1101087137    821
1101087137    822
1635860897    823
1098998177    824
1101095329    825
1637966241    826
1635869057    827
1101087137    828
1635869089    829
1637966241    830
1637958049    831
1101095329    832
1635860897    833
1637966209    834
1635860897    835
1101095329    836
1098998145    837
1101087105    838
1101095329    839
1637958049    840
1098998145    841
1637966241    842
1635860865    843
1637958017    844
1635860865    845
1101095329    846
1101095329    847
1635869057    848
1098998177    849
1098998177    850
1635860865    851
1637966241    852
1098998145    853
1101095329    854
1101087137    855
1637958049    856
1098989985    857
1101087137    858
1101087105    859
562102657    860
25239937    861
562102657    862
564224385    863
27337121    864
562127233    865
1637941633    866
1635869089    867
1635860865    868
1637958017    869
1635860897    870
1101095297    871
1637958017    872
1637966241    873
1101095297    874
1101087137    875
1635860865    876
1098998145    877
1098989985    878
1098998145    879
1101095329    880
1098989953    881
1637958017    882
1635860865    883
1101087137    884
1635869089    885
1635860897    886
1637958049    887
1101095329    888
1098998145    889
1098989953    890
1098998145    891
1101087105    892
1098989953    893
1098998177    894
1635860897    895
1098998177    896
1635860865    897
1101087137    898
1098998145    899
1098998145    900
1098989953    901
1637966241    902
1101095297    903
1098989953    904
1635860865    905
1101095297    906
1101087137    907
1098989985    908
1637966241    909
1635860897    910
1101087137    911
1635860865    912
1637958049    913
1098989953    914
1635860865    915
1635860897    916
1101095329    917
1635869057    918
1635869089    919
1098989985    920
1101087105    921
1101087105    922
1635869057    923
1105281409    924
1642152417    925
1098990049    926
1098998145    927
1101095329    928
1637966241    929
1637966209    930
1642160609    931
1101087137    932
1637958049    933
1098989985    934
1101095297    935
1635860897    936
1635860961    937
1098989953    938
1098998145    939
1635869057    940
1642152321    941
1637958017    942
1635860897    943
1098989953    944
1105281505    945
1635869057    946
1098989953    947
1098998145    948
1098989953    949
1098998177    950
1101095297    951
1101087105    952
1098998177    953
1098998177    954
1635860897    955
1098989985    956
1637958049    957
562110849    958
564199841    959
25239937    960
25248161    961
1637941665    962
27353473    963
1635869057    964
25256353    965
1637941665    966
1637966241    967
1637949857    968
25256353    969
1635844513    970
1637958049    971
1637941665    972
1635869089    973
1637966241    974
1635869057    975
1098998145    976
1098998177    977
1635869057    978
25256321    979
1101070753    980
27353473    981
1635869057    982
1635869089    983
1637966241    984
1098989985    985
1098998145    986
1101087137    987
1637966209    988
1637958017    989
1635869089    990
1637958049    991
1098998177    992
1637949857    993
1098998145    994
1101078913    995
562127233    996
1635852705    997
25231745    998
564199809    999
27353505    1000
1635852673    1001
1098989985    1002
564208001    1003
564224385    1004
1098973569    1005
25248129    1006
564199809    1007
562110849    1008
564199841    1009
562102657    1010
27328929    1011
562102689    1012
27328929    1013
25239937    1014
25231745    1015
25239937    1016
564208001    1017
562102689    1018
25231745    1019
564199809    1020
27337121    1021
564199809    1022
25239969    1023
562110881    1024
1635860865    1025
1637958017    1026
1635860897    1027
1637966241    1028
1635860961    1029
1098989985    1030
1635860865    1031
1101095329    1032
31539585    1033
1098998145    1034
1635869153    1035
1642160545    1036
1635860961    1037
1635860865    1038
1635860897    1039
1098998145    1040
1635869057    1041
1635860865    1042
1098998241    1043
1637966241    1044
1098998145    1045
1098989953    1046
1635869057    1047
1098998145    1048
1098989953    1049
1098998145    1050
1635869057    1051
1101095329    1052
1642152417    1053
1098989953    1054
1635860865    1055
1098998241    1056
1098989953    1057
1637949857    1058
25248129    1059
1101070753    1060
25256321    1061
1637941665    1062
25256321    1063
27328897    1064
562127233    1065
1101087137    1066
1635869057    1067
1637966209    1068
1098998145    1069
1635860865    1070
1635860865    1071
1637941665    1072
27353473    1073
1637949857    1074
564224385    1075
25231777    1076
1637958049    1077
1635869089    1078
1635869153    1079
1105281505    1080
1642152417    1081
1101070753    1082
27345281    1083
1635844577    1084
31547873    1085
1635869057    1086
25248129    1087
1635869057    1088
1635860897    1089
1098998145    1090
1635860897    1091
1101095297    1092
1105289601    1093
1635860897    1094
1635860961    1095
1635860865    1096
1098989953    1097
1637966241    1098
1098998145    1099
1635869057    1100
1642160513    1101
1635860865    1102
1101095297    1103
1098998241    1104
1105289697    1105
1098990049    1106
1105289697    1107
1105289665    1108
1103192545    1109
1105281505    1110
1103192513    1111
1635860865    1112
1105281505    1113
1105281505    1114
1642160609    1115
1098989985    1116
1098989953    1117
1098989953    1118
1098998177    1119
1098998177    1120
1635860865    1121
1635860865    1122
1637958049    1123
1101095329    1124
1101087137    1125
564216225    1126
1101087137    1127
1101095329    1128
1101078945    1129
564216225    1130
1635852673    1131
564224417    1132
1637949857    1133
25239969    1134
564199809    1135
564216225    1136
1635860897    1137
1098998177    1138
1637966241    1139
1635860897    1140
1101087137    1141
1101087137    1142
1637966241    1143
1101095297    1144
1635860897    1145
1637966209    1146
1635869057    1147
1101087201    1148
1642160513    1149
1635869153    1150
1642152321    1151
1637966241    1152
1101087105    1153
1635844513    1154
1637966209    1155
25231745    1156
25231745    1157
562110881    1158
27328929    1159
27328897    1160
25231777    1161
25231745    1162
25239937    1163
562110881    1164
564199809    1165
1635844513    1166
1637958049    1167
1101095297    1168
1101095297    1169
1635844481    1170
1635860865    1171
1635844513    1172
25248161    1173
1635844513    1174
25256321    1175
1637941633    1176
25248129    1177
1635860897    1178
1635860865    1179
1637958049    1180
1098998177    1181
1101087137    1182
1101095297    1183
1098989985    1184
1637958049    1185
1637966241    1186
1637958049    1187
1637958017    1188
1101087137    1189
1101087137    1190
1101087137    1191
1635860897    1192
1098989985    1193
1101087137    1194
1101095329    1195
1101095297    1196
1637949857    1197
562119041    1198
1101070721    1199
25248161    1200
1635860865    1201
1098998177    1202
1635860865    1203
1637966241    1204
1635860865    1205
1101087137    1206
1101078945    1207
564216225    1208
1101070753    1209
27345281    1210
1098981761    1211
564216193    1212
1105265025    1213
564224385    1214
1635860897    1215
1635869057    1216
1637958017    1217
562119041    1218
1098998145    1219
1635869057    1220
1098998145    1221
1101095297    1222
1105281409    1223
1098998177    1224
1635869057    1225
1637966241    1226
1637958049    1227
1637958049    1228
1637949857    1229
562127265    1230
1101087105    1231
1098998177    1232
1635852673    1233
568402305    1234
562102657    1235
562110849    1236
25231745    1237
25239937    1238
568394113    1239
25239937    1240
1098981761    1241
25256321    1242
1635844481    1243
564199841    1244
562102657    1245
27353505    1246
1105265121    1247
1635869057    1248
1637966209    1249
1637966209    1250
1635860865    1251
1637966209    1252
1635869057    1253
1635860897    1254
1637958017    1255
1101087137    1256
1637958017    1257
1098989985    1258
1637958049    1259
1098998177    1260
1098998177    1261
1098989953    1262
1635860865    1263
1637966241    1264
1098998177    1265
1635860865    1266
1101095329    1267
1637958049    1268
1098989953    1269
1101095329    1270
1101087137    1271
1101087137    1272
1637958049    1273
1101087137    1274
1637966209    1275
1637966241    1276
1635869089    1277
1101087137    1278
1098989953    1279
1098989953    1280
1098998145    1281
1635860865    1282
1105289697    1283
1637966209    1284
1635869057    1285
1101095297    1286
1101095329    1287
1637958049    1288
1101095329    1289
1635869089    1290
1098998177    1291
1635860897    1292
1101095329    1293
1635869089    1294
1101095297    1295
1635860865    1296
1101087137    1297
1098989985    1298
1101095329    1299
1637966241    1300
1635860897    1301
1635860865    1302
1637966241    1303
1098998177    1304
1635869089    1305
1635869057    1306
1098998145    1307
1635860897    1308
1637966209    1309
1101095329    1310
1635869089    1311
1635869089    1312
1098989953    1313
1637958049    1314
1635852673    1315
27345313    1316
1635869057    1317
1637958049    1318
1101087137    1319
1101095329    1320
1098998145    1321
1635860865    1322
1101095297    1323
1635869057    1324
1098998145    1325
1637966241    1326
1635869057    1327
1637958049    1328
1098998177    1329
1635869057    1330
1637966241    1331
562110849    1332
1098989985    1333
1101087137    1334
1101095329    1335
1635869057    1336
1101087137    1337
1101087137    1338
1637958049    1339
1098998145    1340
1098998145    1341
1101087137    1342
1635860897    1343
1637966209    1344
562102657    1345
25231745    1346
27337089    1347
562102689    1348
25239969    1349
25239937    1350
25231745    1351
564208001    1352
1098998177    1353
1098998145    1354
1101087137    1355
1635869057    1356
1637958049    1357
1098989953    1358
1635869089    1359
1098998145    1360
1635869057    1361
1101078913    1362
1637966241    1363
562110849    1364
25231745    1365
27328929    1366
27328897    1367
1635860865    1368
1098998177    1369
1101095329    1370
1101070721    1371
564199809    1372
564199809    1373
562110849    1374
562127265    1375
1098998145    1376
1635869057    1377
1101078945    1378
562102689    1379
562102657    1380
27328929    1381
562127265    1382
1101087105    1383
1098989953    1384
27337089    1385
27345281    1386
1635869057    1387
1101078913    1388
27328897    1389
27328929    1390
562102657    1391
564208033    1392
564208001    1393
564208001    1394
25256321    1395
1101095329    1396
27345313    1397
1637941665    1398
27361665    1399
-509484671    1400
-2122194559    1401
-1585323647    1402
1637974433    1403
-1046363775    1404
-2122235519    1405
1637941665    1406
1635877249    1407
-509501023    1408
-509509247    1409
-1046371967    1410
-509484671    1411
-1046371967    1412
-1046363743    1413
-1583234687    1414
-1585348191    1415
-1048452703    1416
-2120113791    1417
-511598175    1418
-1583242879    1419
-509501055    1420
-1583275615    1421
562127233    1422
1637974433    1423
-2120097375    1424
-1585348223    1425
-1048452735    1426
-1585323647    1427
-1048469119    1428
-2122219135    1429
-2122219135    1430
562119041    1431
-511606399    1432
-1583226495    1433
-2120097407    1434
-2120113759    1435
-1048469119    1436
-1583283839    1437
1101078945    1438
1635869089    1439
562102657    1440
564199809    1441
564216225    1442
27328897    1443
27328929    1444
1637999009    1445
-2120105567    1446
-1048501887    1447
1101095329    1448
1635877249    1449
-1583267423    1450
27328929    1451
25289121    1452
-511590015    1453
-1583234687    1454
1098989985    1455
1101095329    1456
562127265    1457
27353505    1458
564224417    1459
25248161    1460
1101070721    1461
1098973601    1462
564199841    1463
27337121    1464
-2120097375    1465
-2122210911    1466
-511598207    1467
-2120105599    1468
-2122243679    1469
1098981761    1470
564216225    1471
27353505    1472
1098989953    1473
27345281    1474
-2122194559    1475
-2122219135    1476
-2120105599    1477
-2120154719    1478
27353473    1479
1098989953    1480
-511598207    1481
-511639167    1482
1098973601    1483
1101128097    1484
-1583283807    1485
564224385    1486
-509509215    1487
-1585348223    1488
27345281    1489
1637958049    1490
564224385    1491
562110849    1492
1637958017    1493
1637949825    1494
1101070753    1495
1635860865    1496
1098981793    1497
1101087105    1498
-2122194527    1499
-1585331807    1500
-1585380959    1501
1098989985    1502
564208001    1503
27353505    1504
562110849    1505
562127233    1506
1101070721    1507
562102657    1508
1099030913    1509
-2120105567    1510
-1048477311    1511
-511630943    1512
562102657    1513
562102689    1514
1637941633    1515
562110849    1516
27328897    1517
27328897    1518
-1048469087    1519
-1048477311    1520
-1583242847    1521
1635869057    1522
1635860865    1523
1101087137    1524
564208033    1525
-1046380127    1526
-1046371935    1527
-509533791    1528
1635844481    1529
564208033    1530
1635885441    1531
-1046363775    1532
562110849    1533
1098981761    1534
-1048460895    1535
-509501055    1536
-511590015    1537
562102657    1538
25239937    1539
1098981761    1540
-2122210911    1541
-2122219135    1542
-1583226463    1543
-2120105567    1544
-511598207    1545
-1583226463    1546
-1585356415    1547
1637941665    1548
-1048460927    1549
564208033    1550
564208001    1551
1101070721    1552
-2122219103    1553
-1583242847    1554
1637949857    1555
25256321    1556
27328929    1557
1635869057    1558
25248161    1559
562102657    1560
1635852673    1561
1098989985    1562
1098981761    1563
562119041    1564
27353505    1565
562119041    1566
1635869057    1567
1098989953    1568
562110881    1569
1637966209    1570
562127233    1571
1098981793    1572
564224417    1573
1637941665    1574
562119073    1575
1101070753    1576
564224417    1577
1101070753    1578
27345313    1579
1098981793    1580
1635844481    1581
1637958049    1582
564199841    1583
1101078913    1584
1637966241    1585
1101078945    1586
1098989953    1587
1098998145    1588
1635860897    1589
1101087105    1590
1101087105    1591
562102689    1592
1637941633    1593
27378049    1594
-511581823    1595
-2120105567    1596
-1585323647    1597
564224417    1598
1637982593    1599
-1585339999    1600
-2122202719    1601
-1583234655    1602
-511581791    1603
-2120121951    1604
-509484671    1605
-2120121983    1606
-2122219039    1607
-1042177663    1608
-1583251039    1609
-511581823    1610
-1579048575    1611
-509517407    1612
1635852673    1613
1637949857    1614
562135425    1615
-509501055    1616
-2122202719    1617
-1583226463    1618
27353505    1619
27328929    1620
1101078913    1621
1635852705    1622
564216225    1623
1637941665    1624
1637949825    1625
1098998177    1626
27337121    1627
-509484639    1628
-511606367    1629
-1048477311    1630
25239937    1631
1635869057    1632
27353505    1633
-1585331807    1634
-1048460927    1635
-509501023    1636
-511581823    1637
-1583242879    1638
1098989953    1639
27337121    1640
1637958017    1641
564199841    1642
562127233    1643
1098973569    1644
1637966209    1645
1635852705    1646
562127233    1647
1635860865    1648
1637949825    1649
1098989985    1650
1101070721    1651
1635852705    1652
1635869089    1653
1098989953    1654
1637958049    1655
562127233    1656
562102689    1657
1101095297    1658
564199809    1659
1635852673    1660
1098989953    1661
1637949857    1662
564224385    1663
1098998177    1664
25256321    1665
25248129    1666
25248161    1667
564224417    1668
1101087137    1669
1637941633    1670
562110881    1671
1637949857    1672
1098973601    1673
1637966241    1674
25231777    1675
1637949857    1676
1101087137    1677
25239969    1678
27328897    1679
564216225    1680
27345281    1681
564224385    1682
27337089    1683
-2122202751    1684
-509501023    1685
-509484639    1686
-2120138335    1687
1098973601    1688
564216193    1689
1098989953    1690
27328929    1691
-511606367    1692
-1583226463    1693
-511598207    1694
-1583234655    1695
562119041    1696
27337089    1697
27353473    1698
1635852705    1699
27337089    1700
564216225    1701
25256321    1702
562110849    1703
1098981793    1704
1101103489    1705
-511598207    1706
-509492831    1707
-2120121951    1708
-509492863    1709
-511598207    1710
-1048477279    1711
1101078945    1712
1635860897    1713
1637941665    1714
564199841    1715
-511614591    1716
27337121    1717
25231745    1718
25248129    1719
1101095329    1720
1098989985    1721
27328929    1722
1101078945    1723
25256321    1724
1098989953    1725
1637941633    1726
1637966209    1727
-2122219135    1728
-1048469119    1729
-1048460895    1730
-1046380127    1731
-1583234655    1732
1637958017    1733
1098973569    1734
562110849    1735
564224385    1736
1098998177    1737
1637958049    1738
27345313    1739
1637949857    1740
1101087137    1741
1637958049    1742
27345313    1743
562119041    1744
1098973569    1745
1637966241    1746
25248161    1747
27353505    1748
1098981761    1749
1101087137    1750
1637958017    1751
1635844513    1752
27353505    1753
1637941665    1754
1637941665    1755
1101095329    1756
562102689    1757
27328929    1758
1101095329    1759
562102657    1760
1098998145    1761
1637941633    1762
564224417    1763
1635844481    1764
562127265    1765
1101087137    1766
1101070753    1767
1637958017    1768
562110881    1769
1101087137    1770
27353505    1771
562127233    1772
1637941665    1773
-1048460927    1774
-509492831    1775
-1048452703    1776
25239937    1777
562102657    1778
27369889    1779
-1583234655    1780
-1048460895    1781
-511606399    1782
-1585323615    1783
-1046380159    1784
-1585323647    1785
-1585331807    1786
-2122210911    1787
-2120121951    1788
-1583234687    1789
-511581791    1790
1098973569    1791
27353473    1792
1099030913    1793
-511598175    1794
-1046380127    1795
-511589983    1796
-1583251071    1797
-1048501887    1798
564199809    1799
562143617    1800
-1583242879    1801
-1583234655    1802
-1048469087    1803
-2120121983    1804
-2122210943    1805
562127233    1806
1101095297    1807
1098998145    1808
25248161    1809
1099014561    1810
-1046355551    1811
-1048469087    1812
1101095329    1813
25239969    1814
1637966241    1815
-1048452703    1816
-1048452703    1817
-1048469087    1818
-1583283807    1819
1101078913    1820
27328897    1821
1637941633    1822
1098998177    1823
564224417    1824
562102689    1825
562102689    1826
27353473    1827
564208033    1828
1101070753    1829
1637941633    1830
25256321    1831
1098989953    1832
27337089    1833
1098998177    1834
564208033    1835
564208033    1836
27345313    1837
564216193    1838
1101087137    1839
564216225    1840
27328929    1841
27337089    1842
25256321    1843
562102689    1844
1101070753    1845
25248129    1846
1101078913    1847
562110849    1848
1635852705    1849
27345281    1850
1101087137    1851
1101078945    1852
564208033    1853
-2122202719    1854
-509517439    1855
1101087137    1856
562110849    1857
-1585323647    1858
-2122202751    1859
-2120097407    1860
-1046355551    1861
-1046355583    1862
-2120121951    1863
-1046355551    1864
-509492863    1865
-509492831    1866
-509484639    1867
-1046363743    1868
-1583234655    1869
-2120130143    1870
564224417    1871
562119073    1872
25272705    1873
-1583242847    1874
-2120097375    1875
-1046388319    1876
562102657    1877
1637949857    1878
1098973569    1879
25231777    1880
25256321    1881
1635860865    1882
1098998177    1883
1637958017    1884
1098973601    1885
1101078945    1886
-2120097375    1887
-1585364607    1888
562127265    1889
564199809    1890
1637958049    1891
25239937    1892
1637941665    1893
1098998177    1894
1101078913    1895
1098973569    1896
564199841    1897
25231745    1898
564208001    1899
-1046355551    1900
-509541983    1901
25248129    1902
562102657    1903
562110849    1904
1098998145    1905
1635844481    1906
1635852673    1907
562110849    1908
27337089    1909
27337089    1910
1637966209    1911
1635869057    1912
-1585323647    1913
-2122202751    1914
-511581823    1915
-1048460895    1916
-1585331807    1917
1098981761    1918
25231745    1919
1098989953    1920
1098973569    1921
1635860865    1922
25248161    1923
25248129    1924
1098981761    1925
27337121    1926
1098989953    1927
27353505    1928
27353473    1929
562119041    1930
1635860897    1931
1098989953    1932
27337121    1933
27353505    1934
1101095297    1935
1637949857    1936
1098998145    1937
564224417    1938
1098998145    1939
1635869057    1940
1101087105    1941
27345281    1942
1101070721    1943
562127265    1944
1101087105    1945
1101095329    1946
1635860865    1947
1637966209    1948
1098981761    1949
-1583251039    1950
-2120121983    1951
-511581823    1952
-2122243711    1953
1098981761    1954
1635852705    1955
27386241    1956
-509492863    1957
-1046363743    1958
25231777    1959
25248161    1960
1098981761    1961
564216225    1962
1098989953    1963
1098989953    1964
1098989953    1965
1098989953    1966
1101087137    1967
1637958049    1968
564208001    1969
564224417    1970
1101119905    1971
-1583251039    1972
-1585323647    1973
-1585340031    1974
-2122210943    1975
562110881    1976
1637958017    1977
25256321    1978
1101070753    1979
25239937    1980
564208033    1981
25248129    1982
1637958049    1983
1637949857    1984
25248161    1985
1637958017    1986
1637958049    1987
562119041    1988
564199841    1989
1098973569    1990
562102657    1991
564208001    1992
25231777    1993
1098989953    1994
564199841    1995
1635844481    1996
1098989953    1997
25231745    1998
564216225    1999
25231777    2000
562102689    2001
1098998145    2002
1101087137    2003
1101087137    2004
564208033    2005
1637949825    2006
1101095329    2007
-1583234655    2008
-1585348191    2009
-1585323647    2010
-511598175    2011
-2122219135    2012
-1048452735    2013
1105289601    2014
568410497    2015
562110849    2016
31523297    2017
31531393    2018
562102689    2019
564199809    2020
1635844481    2021
562127233    2022
568394113    2023
-511598111    2024
-1042161279    2025
-1046371967    2026
-1048493695    2027
1098998241    2028
25231745    2029
1635860961    2030
-505306751    2031
-1583251039    2032
-1046371967    2033
1101087137    2034
562127233    2035
25239937    2036
568394209    2037
25248129    2038
1642136033    2039
562119041    2040
1098981793    2041
564216193    2042
562110849    2043
1637958049    2044
1637966241    2045
564216225    2046
1637941665    2047
1101078945    2048
562119073    2049
27328929    2050
564208033    2051
25248129    2052
1635860865    2053
562127233    2054
1635852673    2055
562102657    2056
564208001    2057
25239969    2058
564199841    2059
1098981761    2060
27353505    2061
1101070753    2062
1637949857    2063
1101070753    2064
1637966241    2065
562110849    2066
1098998145    2067
564216225    2068
564224417    2069
27328929    2070
1101087137    2071
1637966209    2072
1098998177    2073
1637966209    2074
1101087137    2075
1098989953    2076
27337089    2077
-2120097407    2078
-1048452735    2079
-509492863    2080
-2120113759    2081
-509484639    2082
-1048469119    2083
-2122219135    2084
-511598207    2085
-2120130143    2086
25256353    2087
1635869057    2088
25248129    2089
1098981761    2090
1098981793    2091
27328929    2092
1098981761    2093
1635860865    2094
562127265    2095
1635860897    2096
1637958049    2097
1637966241    2098
1098989953    2099
-1585356383    2100
27328929    2101
1098981761    2102
25256321    2103
1635869057    2104
1098981793    2105
27353473    2106
1637958049    2107
27337089    2108
1101095329    2109
27345313    2110
562102657    2111
1098989985    2112
564216225    2113
1637958017    2114
25231745    2115
1637949825    2116
1098973569    2117
1098998145    2118
562102657    2119
1098998145    2120
1098981761    2121
564208033    2122
1101087137    2123
1637958049    2124
1637966241    2125
27353505    2126
564208001    2127
1637974433    2128
-2122210911    2129
-2122235487    2130
1635860865    2131
1635852705    2132
25231745    2133
25248129    2134
1635869057    2135
1101087137    2136
1637966241    2137
1637958017    2138
562127265    2139
25256353    2140
1098989985    2141
564216193    2142
1635844481    2143
1101070753    2144
1098973601    2145
1101078945    2146
564208033    2147
1101087137    2148
562102657    2149
1635869089    2150
1101095297    2151
1637941633    2152
27328897    2153
25231745    2154
1635860865    2155
564216225    2156
1101087137    2157
1637958049    2158
1635844513    2159
1098989985    2160
562102689    2161
1637941633    2162
-511598207    2163
-1583226463    2164
-1585331839    2165
-1583283807    2166
1101095329    2167
1101078945    2168
562119041    2169
1098989953    2170
1635852673    2171
1637966241    2172
562102657    2173
1637966241    2174
1101095329    2175
27337121    2176
27337121    2177
1635869057    2178
564208033    2179
25256321    2180
25239937    2181
1635844513    2182
1637966209    2183
564216225    2184
-2120097407    2185
-1046380159    2186
-2120097407    2187
-1583242879    2188
1635852673    2189
1098981761    2190
27345281    2191
1635869057    2192
1637949825    2193
562110881    2194
25248129    2195
562127233    2196
25231777    2197
1637949857    2198
564224417    2199
564224417    2200
564199841    2201
1101087105    2202
1101070753    2203
562102689    2204
564216225    2205
1101078913    2206
562119041    2207
25239937    2208
1635877249    2209
-2122194527    2210
-1046363775    2211
-1048452735    2212
-509501055    2213
1637958017    2214
564216225    2215
562119041    2216
27345281    2217
1635869089    2218
1098998177    2219
1101095297    2220
1635860897    2221
27328897    2222
1637966241    2223
1637966209    2224
562102689    2225
564224417    2226
1637958049    2227
562102689    2228
31531489    2229
25239937    2230
562110849    2231
562110849    2232
1637966209    2233
1637941665    2234
568402401    2235
1098973569    2236
562102657    2237
1637958049    2238
1098989953    2239
1635860897    2240
1101070721    2241
564199841    2242
562110849    2243
-509484671    2244
-511630943    2245
1098981761    2246
1098981761    2247
562102657    2248
568418689    2249
562102657    2250
1098989953    2251
1101095329    2252
1635844481    2253
564208001    2254
1635860865    2255
1635860865    2256
1098989953    2257
564199841    2258
1635869057    2259
1635860897    2260
25248161    2261
1101070753    2262
1635860865    2263
564224417    2264
1098973601    2265
564216193    2266
1635869057    2267
562110881    2268
1635860865    2269
1635852673    2270
25239937    2271
564224417    2272
1098981761    2273
562110849    2274
1098998145    2275
1637958017    2276
1635852705    2277
564224385    2278
1635860897    2279
1101087105    2280
1098989953    2281
1637958049    2282
1637966209    2283
1098998177    2284
1101087137    2285
1101087137    2286
564199809    2287
562127329    2288
1105281409    2289
1635860865    2290
1635860961    2291
1635860865    2292
1105265025    2293
1098989953    2294
1637958049    2295
1635860865    2296
1635869057    2297
1098989953    2298
1101070753    2299
562127233    2300
1098998177    2301
1101095329    2302
1098989985    2303
562102657    2304
27345281    2305
562110881    2306
1637949857    2307
564224417    2308
25289121    2309
-1046380127    2310
-1046355551    2311
27353505    2312
27345281    2313
564216193    2314
1637958049    2315
27353473    2316
-1585331807    2317
-1046355551    2318
-1046363743    2319
-2122219135    2320
-509509215    2321
-1585331839    2322
-1046363775    2323
-1046363775    2324
-1583234655    2325
-1585348191    2326
1098998177    2327
27353505    2328
564208033    2329
27328897    2330
562102689    2331
25239937    2332
1635852705    2333
25248161    2334
25248129    2335
1635852673    2336
1101128065    2337
-2120097375    2338
-509492831    2339
-509492863    2340
562110881    2341
562102657    2342
564216193    2343
1637941633    2344
1635885441    2345
-2120130143    2346
1098973569    2347
1635869057    2348
1101078945    2349
564199841    2350
564216225    2351
1098981793    2352
25248129    2353
1099006337    2354
-1583259263    2355
1101070721    2356
1635860865    2357
25248129    2358
25231745    2359
1635852673    2360
1635852673    2361
562102657    2362
562127233    2363
25256353    2364
564216193    2365
562127265    2366
1101087137    2367
1635860865    2368
27345281    2369
1098981761    2370
25256321    2371
1098989985    2372
1101095329    2373
25231777    2374
1101078913    2375
25248129    2376
1635869057    2377
1098989985    2378
564199841    2379
1637949857    2380
1637941633    2381
1098981761    2382
562119073    2383
1101070721    2384
1098998177    2385
564216225    2386
1637949857    2387
564199809    2388
564216193    2389
-1585348223    2390
-2120113759    2391
-1048452735    2392
-2122202719    2393
-1048460895    2394
-1048460927    2395
-1048452735    2396
-1048477311    2397
-2120121951    2398
-1585339999    2399
1098973569    2400
1098998145    2401
562143649    2402
-2122219135    2403
-1046355583    2404
1098981793    2405
562102657    2406
1635860865    2407
1098989953    2408
1635869057    2409
562102689    2410
564199809    2411
25239937    2412
1098998145    2413
1635869057    2414
562127233    2415
1635844513    2416
-1583251039    2417
-1585339999    2418
-511581791    2419
-1048477311    2420
-2122219103    2421
1101095297    2422
1635844481    2423
1635860897    2424
1635869089    2425
27337089    2426
1635852673    2427
27345281    2428
1098981761    2429
1637949825    2430
25239937    2431
1635852673    2432
1101095297    2433
1098989985    2434
1101095297    2435
1637966241    2436
27328929    2437
1635869089    2438
1637941665    2439
564216193    2440
27345313    2441
-1583234687    2442
-509492863    2443
-511590015    2444
-2122235487    2445
562127265    2446
1101087105    2447
25256321    2448
564216193    2449
1635852673    2450
564224417    2451
1635860865    2452
27328929    2453
1635869089    2454
1098973569    2455
562110849    2456
27345281    2457
1637949825    2458
1635869057    2459
564224385    2460
1635844481    2461
25239969    2462
27328897    2463
27353505    2464
1637966241    2465
564199841    2466
27328929    2467
564224385    2468
1635860897    2469
27353473    2470
1635869057    2471
1637966241    2472
1635860865    2473
1101070721    2474
1098998145    2475
564208033    2476
1637958017    2477
1637966209    2478
1635869057    2479
1635844513    2480
1098998177    2481
562102657    2482
27328929    2483
1635860865    2484
562119073    2485
25231777    2486
1637949825    2487
25248161    2488
1637949825    2489
1637949857    2490
27337121    2491
562127233    2492
1635844481    2493
562102657    2494
25231777    2495
27328929    2496
25239937    2497
27345281    2498
1635860897    2499
1098998177    2500
1098981793    2501
25239937    2502
1637941633    2503
1635852673    2504
562127265    2505
-1585339999    2506
-1048452735    2507
-1048469087    2508
1101078945    2509
1098973569    2510
1101087105    2511
27337121    2512
1637966209    2513
1098981761    2514
564208033    2515
25231745    2516
1635869057    2517
25231745    2518
1098981761    2519
25248129    2520
25256353    2521
1098998177    2522
1635844481    2523
1098973601    2524
1637966241    2525
564208033    2526
1637941633    2527
1635860897    2528
564199809    2529
1101070721    2530
562127233    2531
564224417    2532
1635852673    2533
1637958049    2534
-2122210943    2535
1635869057    2536
562119041    2537
564208033    2538
25256321    2539
564208001    2540
564199809    2541
564199809    2542
1635844481    2543
562119041    2544
1098998145    2545
1098998145    2546
27328897    2547
1101087137    2548
564224417    2549
1101070721    2550
1098989953    2551
1101095329    2552
1101095297    2553
1101078945    2554
1635869057    2555
562110849    2556
27328897    2557
25256321    2558
1098981793    2559
562119041    2560
1635860865    2561
1637958017    2562
1637941665    2563
1101070721    2564
1637966241    2565
564208033    2566
1101095329    2567
1637949825    2568
562127265    2569
1635869057    2570
564224417    2571
1101087105    2572
562102689    2573
1635852705    2574
27378081    2575
-1583234687    2576
-2120113759    2577
-2120105567    2578
-2120146559    2579
25231777    2580
27345313    2581
27337089    2582
-2122210943    2583
-1583226463    2584
-1048477311    2585
-1583226495    2586
-1048452703    2587
-1046371935    2588
-1046363775    2589
-1583234655    2590
-1048477311    2591
-1585340031    2592
-2122219135    2593
-509509247    2594
-511590015    2595
562102657    2596
25256321    2597
1098989953    2598
1101070753    2599
1635869057    2600
25239969    2601
1635844513    2602
1098973569    2603
-1048452735    2604
-1048510079    2605
1637966241    2606
27328929    2607
1098998145    2608
25256353    2609
27328929    2610
1101095329    2611
1637966209    2612
564208033    2613
25248161    2614
1101087137    2615
1635869057    2616
1101078945    2617
25256353    2618
562102657    2619
25239937    2620
27353505    2621
562119041    2622
562119073    2623
562127265    2624
562127233    2625
1637966209    2626
1098998145    2627
27337089    2628
1098973569    2629
562127265    2630
1098981761    2631
1101087137    2632
564224417    2633
1098998145    2634
1637949825    2635
562119041    2636
562102657    2637
1101095329    2638
1098981761    2639
1635869089    2640
564224385    2641
1635852673    2642
562102657    2643
1635844481    2644
562127233    2645
1101087105    2646
25231777    2647
27353473    2648
1635844481    2649
27353505    2650
25256321    2651
27345281    2652
562102657    2653
564199841    2654
1101087137    2655
25239969    2656
1101070721    2657
25248161    2658
1637958049    2659
562110881    2660
-2120121951    2661
-1583234655    2662
564199841    2663
564199809    2664
562102657    2665
562110849    2666
-1585339999    2667
-1046363775    2668
-2120113759    2669
-1585348191    2670
-2120113759    2671
-509492831    2672
-1585323647    2673
-1583251039    2674
-509484639    2675
-509492863    2676
-511581791    2677
-2122202719    2678
-511614591    2679
1637941665    2680
562110881    2681
564216225    2682
564199841    2683
1101078945    2684
1637941665    2685
1101087137    2686
564199809    2687
562119073    2688
1637966209    2689
27337089    2690
564216193    2691
1101087137    2692
562119041    2693
564208033    2694
564224417    2695
1098981793    2696
27337121    2697
1637958017    2698
1637958017    2699
1635869089    2700
562110849    2701
1635860897    2702
1637958017    2703
1635869057    2704
25239937    2705
1098989953    2706
25239937    2707
25256353    2708
1637949857    2709
1635852673    2710
1635852673    2711
1637941633    2712
1637966209    2713
1635860897    2714
27337089    2715
1635844481    2716
27345313    2717
1098981793    2718
564208001    2719
1635852673    2720
27345281    2721
27337121    2722
1098981793    2723
25231777    2724
1098981761    2725
25239937    2726
25248225    2727
1635844481    2728
568418689    2729
1635860865    2730
1098990049    2731
1642136033    2732
1105281505    2733
25239937    2734
25231745    2735
31523201    2736
562119041    2737
1637941633    2738
568418689    2739
562102657    2740
1635869057    2741
1637966209    2742
1105281505    2743
25231745    2744
1642136033    2745
25256417    2746
1642152417    2747
1098989985    2748
1635852673    2749
27328929    2750
25239969    2751
27328929    2752
568402305    2753
27345281    2754
1105289601    2755
25239937    2756
1635860865    2757
1637966241    2758
1635860865    2759
27337089    2760
1642160609    2761
25239937    2762
1105281409    2763
1635869057    2764
562102657    2765
562102657    2766
31523201    2767
562110881    2768
564199841    2769
25239937    2770
564199841    2771
27337121    2772
27328897    2773
25231777    2774
27328929    2775
27328929    2776
1098998177    2777
27328897    2778
27345281    2779
1101078913    2780
25231777    2781
25248129    2782
1637958049    2783
25231745    2784
564199841    2785
25256321    2786
1637958017    2787
1635860865    2788
27337121    2789
562110849    2790
27328929    2791
1101095297    2792
27337121    2793
1635860865    2794
25256321    2795
1635869057    2796
1637958049    2797
1637966209    2798
1637958049    2799
27328897    2800
1637958049    2801
1635869057    2802
1635869057    2803
1098998145    2804
27353505    2805
27337089    2806
25239969    2807
25239937    2808
25231777    2809
562102689    2810
1635860897    2811
1098998145    2812
1637966209    2813
1098998145    2814
1098989953    2815
1098989953    2816
562102689    2817
564208033    2818
27328929    2819
564199841    2820
27328929    2821
25231777    2822
1101087105    2823
1635860865    2824
1637958017    2825
1098998145    2826
562110849    2827
25239937    2828
25239937    2829
25231745    2830
562102689    2831
564224385    2832
1635860865    2833
1635844481    2834
1635869057    2835
1637966241    2836
1635869057    2837
1637966241    2838
1098989953    2839
1098998177    2840
1101095329    2841
1101095329    2842
1637958049    2843
1101095329    2844
1635869057    2845
1101095329    2846
1637966241    2847
1098998145    2848
1098989985    2849
1101095329    2850
1101095329    2851
1101095297    2852
1101095297    2853
1098989985    2854
1637966241    2855
1637958049    2856
1637958017    2857
1098989985    2858
1101087105    2859
1637966209    2860
1635860897    2861
1637958017    2862
1637958049    2863
1101095329    2864
1637958049    2865
1101087137    2866
1637966241    2867
1637958049    2868
1098998177    2869
1098989953    2870
1637966241    2871
1637958017    2872
1635852705    2873
1098989953    2874
1098989953    2875
1101095297    2876
1635869057    2877
1635869057    2878
1098998145    2879
1101087137    2880
1098998145    2881
1637958049    2882
1098998177    2883
1635860897    2884
1101095297    2885
1637966209    2886
1101070753    2887
1101087105    2888
1098973601    2889
27353505    2890
562110881    2891
25256353    2892
25231777    2893
1098981793    2894
562127233    2895
25239937    2896
562110849    2897
564199841    2898
1098998145    2899
1098998177    2900
27353473    2901
1098998145    2902
1101087137    2903
1635869057    2904
1637966241    2905
1098973569    2906
1098998145    2907
1098989985    2908
1635869057    2909
1098998145    2910
1637966209    2911
1635860897    2912
1101087105    2913
1635860865    2914
1635860865    2915
1637958049    2916
1635860865    2917
1637966209    2918
1635860897    2919
1101095329    2920
1098989953    2921
1101087137    2922
1637958017    2923
1101087137    2924
1098973569    2925
25248129    2926
1101070753    2927
1101087105    2928
1098989953    2929
1635852673    2930
1101087137    2931
1637958049    2932
1101087137    2933
27328897    2934
1101087137    2935
1635860865    2936
1637966241    2937
1098998145    2938
1101087137    2939
1101095329    2940
562102689    2941
1101095297    2942
1101095329    2943
1637958049    2944
1635869057    2945
1101087105    2946
31539585    2947
1637966209    2948
27353505    2949
1101070753    2950
564216225    2951
1098998145    2952
25256321    2953
562102657    2954
27328929    2955
562102657    2956
25256321    2957
1637949857    2958
27328929    2959
27337121    2960
27328897    2961
562110881    2962
27353505    2963
27320704    2964
-509558399    2965
1635819936    2966
-1046421120    2967
-511647327    2968
-1585389152    2969
27369856    2970
25174400    2971
1635819904    2972
1635795360    2973
564175232    2974
-1585446528    2975
27296161    2976
-1583292032    2977
-1048534656    2978
562045344    2979
564191616    2980
1635828096    2981
-2122309248    2982
-2122301024    2983
-1046453888    2984
27312512    2985
1101062528    2986
-511704704    2987
-1583341152    2988
27279776    2989
-2120187488    2990
1635811744    2991
1098940832    2992
-509558368    2993
27312512    2994
25166208    2995
-1585405568    2996
-511647360    2997
-511647328    2998
-2122260096    2999
-1046429312    3000
-2122284672    3001
-1048542848    3002
-2122276480    3003
-2122260096    3004
-1585413760    3005
-509574752    3006
-1048518272    3007
-1585389184    3008
-1048518240    3009
-2120179328    3010
-509558400    3011
-1046429280    3012
-1585413760    3013
-1046437504    3014
-1585405568    3015
-2122284672    3016
-2120162912    3017
-1048534656    3018
-1046445696    3019
-509550176    3020
-1048526464    3021
-511655552    3022
-511655552    3023
-509574752    3024
-2120187488    3025
-2120171104    3026
-1583292032    3027
-1046437472    3028
-1048534656    3029
-509558368    3030
-511671936    3031
-2120179328    3032
-1585413760    3033
-1585397344    3034
-509558368    3035
-2120179296    3036
-1048526464    3037
-2120187520    3038
-511655552    3039
-1046363743    3040
-511589983    3041
-509501023    3042
-2120097375    3043
-2120121983    3044
-1585339999    3045
-1585339999    3046
-1583251039    3047
-2120121951    3048
-1583251039    3049
-1583226463    3050
-509484639    3051
-1583226495    3052
-509509215    3053
-1585339999    3054
-511598175    3055
-2122194559    3056
-509492831    3057
-509492831    3058
-1046355583    3059
-509492863    3060
-1048460895    3061
-511581791    3062
-1046380159    3063
-2120113791    3064
-1585323615    3065
-1583242847    3066
-509501055    3067
-509509215    3068
-2122210911    3069
-2120121983    3070
-2122219135    3071
-2120113759    3072
-511581791    3073
-1048460927    3074
-509492831    3075
-509492831    3076
-509484639    3077
-511581823    3078
-1048452735    3079
-1585331839    3080
-511590015    3081
-511581823    3082
-509492863    3083
-1048477279    3084
-1583234655    3085
-511606367    3086
-1583226495    3087
-1048469087    3088
-2120113791    3089
-1585339999    3090
-1585348191    3091
-1585340031    3092
-2120121983    3093
-1585340031    3094
-2120113759    3095
-1046363743    3096
-509484671    3097
-2120121951    3098
-2122210911    3099
-1583226495    3100
-2122210911    3101
-511581791    3102
-509484639    3103
-2120105567    3104
-2122219103    3105
-2120097407    3106
-511598207    3107
-509492831    3108
-509492863    3109
-1585331839    3110
-511581823    3111
-1046363743    3112
-511590015    3113
-509484671    3114
-1048460927    3115
-1048452735    3116
-511590015    3117
-511590015    3118
-1048452735    3119
-1048452735    3120
-511581823    3121
-1048460927    3122
-509492831    3123
-1046355551    3124
-509484639    3125
-1046363743    3126
-509484639    3127
-1046355551    3128
-1046363775    3129
-1048460895    3130
-1048452735    3131
-1046363775    3132
-1048452703    3133
-511590015    3134
-509492863    3135
-509484671    3136
-1048469087    3137
-1046355583    3138
-1048469119    3139
-1585339999    3140
-1583251071    3141
-1585331807    3142
-1046371935    3143
-1583226463    3144
-1046363743    3145
-1048460927    3146
-1046371967    3147
-1048452735    3148
-1048460895    3149
-1046363775    3150
-1048460895    3151
-511590015    3152
-1046371967    3153
-2120105567    3154
-509492863    3155
-1048452703    3156
-1046363743    3157
-1046363775    3158
-509492831    3159
-1048452703    3160
-509492863    3161
-511581823    3162
-511590015    3163
-1046355583    3164
-1048460927    3165
-1046355551    3166
-1048460895    3167
-1048452735    3168
-509484671    3169
-1046355583    3170
562110881    3171
27328897    3172
27337121    3173
562110849    3174
564208001    3175
562102689    3176
25239937    3177
27328929    3178
562102689    3179
25231777    3180
27337121    3181
562102657    3182
27337089    3183
25239937    3184
562110849    3185
25231777    3186
562102689    3187
25239937    3188
564199841    3189
564208001    3190
562102689    3191
25231777    3192
27337089    3193
562102657    3194
564199841    3195
27337089    3196
25231777    3197
564208033    3198
564208001    3199
25231777    3200
25231745    3201
562110849    3202
564199841    3203
564199841    3204
562102657    3205
25239937    3206
25231745    3207
564199841    3208
562110849    3209
564208033    3210
562110849    3211
25239937    3212
25231777    3213
562102689    3214
562102657    3215
564199809    3216
562110849    3217
564199841    3218
25239937    3219
564199841    3220
562102689    3221
562102657    3222
25231777    3223
25239937    3224
562102689    3225
564208001    3226
562110849    3227
562102657    3228
564199809    3229
562110849    3230
25239937    3231
564199809    3232
564208033    3233
564208033    3234
564208001    3235
562110849    3236
562102657    3237
25239969    3238
27337089    3239
562102657    3240
562110849    3241
564208001    3242
562110849    3243
1635844481    3244
27337121    3245
25231745    3246
562102657    3247
562110849    3248
25239969    3249
25239937    3250
562110881    3251
25231745    3252
25231777    3253
564199841    3254
27337089    3255
564199809    3256
25239937    3257
25239969    3258
562110849    3259
27337121    3260
562110849    3261
25231745    3262
25239937    3263
564208033    3264
25239969    3265
562110849    3266
562102689    3267
562110849    3268
564199841    3269
27337089    3270
564199841    3271
25239937    3272
564199841    3273
564208033    3274
562102689    3275
27337121    3276
27337121    3277
562110881    3278
27328897    3279
-1583283807    3280
1635877249    3281
1637949857    3282
1101087137    3283
25248161    3284
27345313    3285
564257185    3286
-1046371967    3287
-511581823    3288
1101087105    3289
1098989953    3290
-509484639    3291
27337121    3292
564232609    3293
-1046355551    3294
-511622751    3295
27386241    3296
-511598175    3297
-2120146527    3298
-1048460927    3299
-509501023    3300
1635860897    3301
27361697    3302
-509484639    3303
564248961    3304
-1585323647    3305
-1046355551    3306
562102657    3307
1637966241    3308
25289089    3309
-509541983    3310
562151809    3311
-511589983    3312
-2120146527    3313
25239969    3314
27353473    3315
562119041    3316
27328897    3317
1637941665    3318
1637949857    3319
25231745    3320
1101087105    3321
27328929    3322
27337121    3323
1637966241    3324
25239969    3325
1098973601    3326
564208033    3327
27345281    3328
1101095297    3329
25231745    3330
1635869089    3331
25239969    3332
25231745    3333
1637966241    3334
1637958049    3335
27328929    3336
1101095329    3337
1637958049    3338
1635844481    3339
562110881    3340
1101087137    3341
564224385    3342
562127233    3343
564208033    3344
562110881    3345
1635844513    3346
25248161    3347
1101095297    3348
25239937    3349
27337121    3350
562102657    3351
1637966241    3352
1098973569    3353
562102689    3354
1101087137    3355
564208001    3356
1098989953    3357
1101087105    3358
31523201    3359
1098998145    3360
1635869057    3361
25231745    3362
1101087137    3363
1637966241    3364
564224417    3365
1101095329    3366
27353505    3367
27345313    3368
1098989953    3369
564208033    3370
564224417    3371
1101095297    3372
1635844513    3373
562127233    3374
1637958049    3375
1101078945    3376
27345281    3377
1637958049    3378
1098998177    3379
1637958049    3380
1098998145    3381
1101095329    3382
1635860865    3383
25248129    3384
1098973601    3385
27345281    3386
1098973601    3387
1101095297    3388
1098998145    3389
1098989953    3390
1635860865    3391
1101078945    3392
562110849    3393
562127233    3394
1098989953    3395
564216225    3396
1635860897    3397
564224417    3398
1098989953    3399
1101087137    3400
1637966241    3401
1637966241    3402
1637958049    3403
1637958049    3404
1101087105    3405
1637966241    3406
1098989953    3407
1101095329    3408
1098989985    3409
1098998177    3410
1101087105    3411
1101087105    3412
1098989953    3413
1101095297    3414
1101095297    3415
1101095297    3416
1101087105    3417
1635869057    3418
1098989953    3419
1637958049    3420
1101087105    3421
1101087105    3422
1635869089    3423
1101087105    3424
1637958049    3425
1098989953    3426
1637958017    3427
1098998145    3428
1637949825    3429
1098998177    3430
564216193    3431
1101087137    3432
1098998145    3433
1637966241    3434
1101095329    3435
1101095297    3436
1098989953    3437
1637966241    3438
1101087105    3439
1098989953    3440
1637966241    3441
1637958017    3442
564224417    3443
562127265    3444
1098973569    3445
25256353    3446
1101087137    3447
1635844513    3448
1637941633    3449
25231745    3450
562102689    3451
1637958049    3452
1098998177    3453
27337089    3454
1098973569    3455
27353505    3456
564208001    3457
1101095297    3458
25231745    3459
25231745    3460
25256321    3461
-2122235519    3462
-2122235487    3463
1635852673    3464
1635869057    3465
1637958049    3466
564224417    3467
27337121    3468
564216225    3469
27353505    3470
1101095297    3471
1635860865    3472
27378049    3473
562110849    3474
1101078945    3475
1635844513    3476
562110849    3477
562119041    3478
1635869057    3479
1101078945    3480
562110849    3481
25239937    3482
25239937    3483
25231777    3484
27337089    3485
27328897    3486
564208033    3487
562102657    3488
27328929    3489
564199809    3490
27337121    3491
25231745    3492
25231745    3493
25231777    3494
25231745    3495
564208001    3496
27337089    3497
562110849    3498
562102689    3499
27337121    3500
27337089    3501
25239937    3502
25239969    3503
25239969    3504
562102657    3505
27337089    3506
25231745    3507
562110849    3508
564208001    3509
1637966209    3510
1101095297    3511
1101087137    3512
1637966241    3513
1635860897    3514
1637966241    3515
1637966241    3516
1635869057    3517
1637958049    3518
1098998177    3519
1635860865    3520
1637966241    3521
1101095329    3522
1637958017    3523
1101095329    3524
1101095329    3525
1101087137    3526
1637966209    3527
1101095329    3528
1637958049    3529
1637958049    3530
1635860865    3531
1098998177    3532
1098989985    3533
1101087137    3534
1101087105    3535
1101087105    3536
1101095329    3537
1101087137    3538
1635860865    3539
1101095329    3540
1098989985    3541
1637966241    3542
1637966209    3543
1635860865    3544
1635860865    3545
1101087105    3546
1101095297    3547
1098989985    3548
1635869089    3549
1635860865    3550
1637966241    3551
1101087137    3552
1635860865    3553
1637966241    3554
1098989953    3555
1101095329    3556
1101087137    3557
1637966209    3558
1098989985    3559
1637958017    3560
1637958049    3561
1637966241    3562
1101095329    3563
1098989985    3564
1098989953    3565
1101087137    3566
1635869057    3567
1637966209    3568
1635860865    3569
1098998145    3570
1098998145    3571
1637966241    3572
1635860897    3573
1101095329    3574
1635860865    3575
1635869089    3576
1101087105    3577
1635869057    3578
25239937    3579
27337121    3580
27328929    3581
564199809    3582
564199841    3583
562102657    3584
27337121    3585
562102657    3586
27337121    3587
562110849    3588
564199809    3589
564208033    3590
564199841    3591
564208033    3592
27328929    3593
27328929    3594
27337121    3595
562110881    3596
27337089    3597
27337121    3598
564199841    3599
562102657    3600
562102689    3601
562110881    3602
564208033    3603
564208033    3604
27337121    3605
564199841    3606
27328929    3607
27337089    3608
1635893633    3609
-511590015    3610
-1583259231    3611
25215393    3612
-1048551008    3613
27263360    3614
-2120187520    3615
-1585356416    3616
-1046371967    3617
-1046437503    3618
27320737    3619
1098981761    3620
1101037953    3621
-1585438336    3622
-2122235488    3623
-1583226495    3624
-2122284671    3625
-2120179296    3626
562110848    3627
-1048493663    3628
562102688    3629
1098965409    3630
-2122268288    3631
-1585323616    3632
-1585389151    3633
-1585446528    3634
-511655551    3635
27279744    3636
1101111681    3637
562061696    3638
27378081    3639
-2122219103    3640
1101095329    3641
1637982625    3642
-2120121983    3643
25239969    3644
1098981761    3645
-2120105567    3646
1637958017    3647
562119073    3648
1101119905    3649
-2120113791    3650
562119041    3651
-1585331807    3652
-2120105567    3653
1098973601    3654
1635893665    3655
-1585340031    3656
-1583234655    3657
564248993    3658
-1585348223    3659
-1046396543    3660
1637966209    3661
1635901857    3662
-1048460927    3663
-1583283807    3664
-1048452703    3665
-511581791    3666
-1046363743    3667
-1583267423    3668
-2120121983    3669
-1048460927    3670
-509492863    3671
-1585331807    3672
-509484639    3673
-1046355551    3674
-1585339999    3675
-2120113759    3676
-1585323615    3677
-511606399    3678
-511606399    3679
-1585339999    3680
-509484671    3681
-1583226463    3682
-509501023    3683
-509509215    3684
-1583234655    3685
-511581823    3686
-509509215    3687
-1046355551    3688
-1583242879    3689
-1046371967    3690
-511598207    3691
-1048477279    3692
-509484639    3693
-2120105567    3694
-1048452735    3695
-1046355551    3696
-1585339999    3697
-2122210943    3698
-1046380127    3699
-511581791    3700
-1583234687    3701
-2122210943    3702
-1583251039    3703
-1585339999    3704
1637982625    3705
-1583251039    3706
-1583242847    3707
-2120121983    3708
-1583251039    3709
-1583242847    3710
-1583251039    3711
-2122210911    3712
-1585339999    3713
-1583242847    3714
-2120121951    3715
-1583242847    3716
1099014561    3717
-1585348223    3718
1101103489    3719
-2122219135    3720
-2122219103    3721
-1583251071    3722
-1583267423    3723
1635869057    3724
1637958017    3725
-2122210911    3726
-1583251039    3727
-2120121951    3728
-1585348223    3729
1635860897    3730
-2122210911    3731
1101087105    3732
-1585339999    3733
-2120121951    3734
-2120113759    3735
-2120130143    3736
-2122227327    3737
1637949825    3738
25256321    3739
1101087137    3740
1637966241    3741
1098989985    3742
1637966241    3743
1635860865    3744
1098998145    3745
1635860897    3746
1101095297    3747
1637941633    3748
27337121    3749
27337089    3750
27345313    3751
1098989985    3752
1101087105    3753
1635844513    3754
562102657    3755
564208033    3756
564208033    3757
25256321    3758
1637958049    3759
1635844481    3760
1635869089    3761
564199841    3762
1098989985    3763
562102689    3764
1635844481    3765
1637941633    3766
1637966241    3767
1635869089    3768
1635860897    3769
1635860865    3770
1637966241    3771
1637949857    3772
1637966209    3773
1101095329    3774
1635860865    3775
1098998145    3776
1637958017    3777
1635860897    3778
1637958017    3779
1101087137    3780
1635860865    3781
1635860897    3782
1098998177    3783
1101087137    3784
1098989953    3785
1098989985    3786
1635860897    3787
1635869057    3788
1635860865    3789
1637958049    3790
1098998145    3791
1635860865    3792
1635869089    3793
1635869057    3794
1101095297    3795
1098998145    3796
1098998177    3797
1635869089    3798
1101087105    3799
1101095329    3800
1635852705    3801
562119041    3802
1637966241    3803
1101095329    3804
1098989985    3805
562119041    3806
1101078945    3807
564224417    3808
1101078945    3809
1635860865    3810
1098998145    3811
1635869057    3812
1098981761    3813
1101087137    3814
1635860865    3815
1635860897    3816
1101095297    3817
1098989985    3818
1637966209    3819
1098989953    3820
1098973601    3821
25248129    3822
1637958049    3823
564216225    3824
1101087137    3825
1101087137    3826
1637949857    3827
1101095329    3828
562110849    3829
564199841    3830
27337089    3831
564208033    3832
562110849    3833
27337089    3834
564199841    3835
27337121    3836
564208001    3837
562102657    3838
25239969    3839
564208001    3840
562102657    3841
562110881    3842
564199809    3843
564208033    3844
562102689    3845
25231745    3846
564199809    3847
564199841    3848
27337121    3849
564199841    3850
562102657    3851
564208033    3852
25239969    3853
25239937    3854
564199841    3855
25239969    3856
27328929    3857
27328929    3858
564199841    3859
27337121    3860
562102689    3861
27337089    3862
562110849    3863
27337121    3864
25239969    3865
27337089    3866
27337121    3867
564199841    3868
25231745    3869
27337089    3870
562110881    3871
25239969    3872
25239969    3873
27337089    3874
562110849    3875
25239937    3876
564199809    3877
25239937    3878
25231777    3879
564208033    3880
562127233    3881
1637941665    3882
562127233    3883
1637941665    3884
25231777    3885
25239937    3886
564224385    3887
1637966209    3888
27328929    3889
27337121    3890
27353473    3891
27328929    3892
25248129    3893
1101095329    3894
27345313    3895
1635860865    3896
1637958017    3897
1101087105    3898
1637966241    3899
1637958017    3900
1637958049    3901
1635860897    3902
1635860865    3903
1098989953    3904
1098998145    3905
1635860865    3906
1098989953    3907
1098998177    3908
1635860865    3909
1098998145    3910
1635860865    3911
1098998145    3912
1635869057    3913
1637966241    3914
1637958017    3915
1098998145    3916
1101087105    3917
1098998145    3918
1635860897    3919
1635860865    3920
1637958049    3921
1637966241    3922
1101087105    3923
1635869057    3924
1635860897    3925
1635860865    3926
1101087105    3927
1635869057    3928
1635869057    3929
1637966209    3930
1098998145    3931
1098998145    3932
1635869057    3933
1635860865    3934
1101087105    3935
1098998177    3936
1098989953    3937
1635860865    3938
1635869057    3939
1637958049    3940
1098989953    3941
1635869057    3942
1101087137    3943
1637966241    3944
1101095329    3945
1635860897    3946
1635860865    3947
1635860865    3948
1635860865    3949
1101095329    3950
1637958049    3951
1101095297    3952
1098998177    3953
1637966241    3954
1635869057    3955
1098998145    3956
1637958049    3957
1098989953    3958
1098998145    3959
1637958049    3960
1101095329    3961
1101095297    3962
1098989953    3963
1098998145    3964
1101095297    3965
1637966241    3966
1637966209    3967
1637966241    3968
1101087137    3969
1098998145    3970
1637958049    3971
1101095329    3972
1098998177    3973
1635860865    3974
1098998145    3975
1635860897    3976
1098998177    3977
1635860865    3978
1098989953    3979
1098989953    3980
1637958049    3981
1635860865    3982
1098989953    3983
1101087137    3984
1635869057    3985
1098989985    3986
1637958049    3987
1101087105    3988
1637966209    3989
1637958049    3990
1098998177    3991
1637958017    3992
1101095297    3993
1101095329    3994
1098998145    3995
1635860865    3996
1098998145    3997
1101087137    3998
1637958017    3999
1635860897    4000
1635869057    4001
1637966241    4002
1635869089    4003
1098998177    4004
1101095329    4005
1635860865    4006
1098989985    4007
1637966209    4008
1101095297    4009
1637958049    4010
1635869057    4011
1098998145    4012
1101087137    4013
1101087137    4014
1101087137    4015
1637958017    4016
1098989953    4017
1635869089    4018
1637958049    4019
1101095329    4020
1637966241    4021
1637966241    4022
1098998177    4023
1637958017    4024
1098998145    4025
1098998145    4026
1098989953    4027
1637958049    4028
1635869089    4029
1101095329    4030
1635860865    4031
1098998177    4032
27345281    4033
1637958049    4034
1098998177    4035
1101087137    4036
1637966241    4037
1101095297    4038
1637966241    4039
1098989953    4040
1101095329    4041
1637966241    4042
1098998177    4043
1098998177    4044
1101087137    4045
1101095297    4046
1635860865    4047
1098998145    4048
1635869089    4049
1098998177    4050
1101095297    4051
1637966241    4052
1635860897    4053
1098998177    4054
1635869057    4055
1637958017    4056
1101095329    4057
1637958017    4058
1098989985    4059
1635860865    4060
1101095329    4061
1098998145    4062
1637958049    4063
1637966241    4064
1637958049    4065
1101087105    4066
1098989953    4067
1635869057    4068
1098998145    4069
1635860865    4070
1635860897    4071
1101095297    4072
1635869057    4073
1635860897    4074
1635869057    4075
1637958049    4076
1098989953    4077
1637966241    4078
1098998145    4079
1637958017    4080
1101095297    4081
1101095329    4082
1637966241    4083
1637958049    4084
1635860865    4085
1637958017    4086
1101095329    4087
1635860865    4088
1101087137    4089
1101095329    4090
1637966241    4091
1098998145    4092
1637958017    4093
1635860897    4094
1101087137    4095
1635860865    4096
1098998145    4097
1637966241    4098
1098989953    4099
1637958049    4100
1637958049    4101
1098989953    4102
1101087105    4103
1637966209    4104
1637966241    4105
1098989953    4106
1098989953    4107
1635869057    4108
1635869057    4109
1635860865    4110
1635860865    4111
1635860865    4112
1098989953    4113
1635860865    4114
1098989985    4115
1098998177    4116
1098973601    4117
564208033    4118
562102657    4119
27337121    4120
1098981761    4121
562119041    4122
1098981793    4123
564208001    4124
25231777    4125
1635860865    4126
1101095329    4127
1098989953    4128
1101095329    4129
1101095329    4130
1101095297    4131
1098998145    4132
1635860865    4133
1637958017    4134
1637958049    4135
1098998177    4136
1635869089    4137
1635860897    4138
1637958017    4139
1098998145    4140
1101087105    4141
1101095329    4142
1635869089    4143
1098989953    4144
1637966241    4145
1635869057    4146
1635860865    4147
1098998145    4148
1637966241    4149
1098989953    4150
1637958049    4151
1637958049    4152
1635860897    4153
1637966241    4154
1637966209    4155
1101087137    4156
1642152417    4157
1637958017    4158
1098989953    4159
1101087137    4160
1635860865    4161
1635860865    4162
1635860865    4163
1098998145    4164
1098998145    4165
1635869057    4166
1105273313    4167
564216225    4168
